3000
516 771
-780 29
-534 655
309 963
793 -332
355 -118
-78 440
-261 324
307 469
552 -773
-76 -999
-473 804
-45 712
391 620
-295 -721
797 300
-469 -732
-559 -34
986 -2
-995 -108
-967 6
-28 724
-978 657
-771 534
728 -51
156 -343
-621 182
127 239
944 -134
-218 -922
325 -22
-462 49
488 498
-162 -688
921 -610
739 301
-606 204
-313 119
131 -66
619 209
713 -707
677 555
-500 -16
591 -111
-352 -865
-896 -586
-725 500
997 436
809 337
-158 -642
-420 -741
618 -671
287 -279
-608 -662
-754 -900
-75 -150
2 414
867 -184
-589 642
281 149
996 734
770 488
212 -751
-967 -764
-414 952
585 462
-190 539
-534 -827
135 -405
-31 -948
150 171
597 725
-314 -238
-95 783
247 -172
-863 787
-760 -332
-505 458
-439 230
707 -791
-338 -444
84 -889
-640 203
620 839
-894 125
71 -570
61 -354
-405 -555
-139 -367
264 399
249 -208
702 880
-388 -555
20 287
-112 32
960 -526
-549 -758
156 55
909 103
71 672
817 200
32 356
264 913
-454 936
-249 979
26 757
-728 792
772 295
945 325
619 922
-497 343
-163 -757
92 734
-723 946
591 -410
-17 -579
449 741
-826 -416
-558 -745
-614 671
-418 -326
498 -913
936 73
500 -384
-938 576
-617 -3
608 -397
-371 -688
-288 502
-926 -502
-50 -107
713 -379
-166 -496
345 -418
259 984
-603 -271
-874 -80
541 -429
-263 -59
-654 559
-656 683
977 666
73 353
306 619
-691 618
518 -447
-372 508
-899 -72
-334 -647
-555 760
549 -43
-964 692
479 803
812 -836
248 470
-942 -890
75 -557
658 968
-925 -570
-510 -501
-774 -529
810 -549
661 648
-418 14
-238 786
657 451
-734 305
-940 -471
-420 567
-186 -843
110 479
166 -913
-832 -253
192 708
93 64
-518 -915
-70 -563
187 -699
518 203
-910 30
-299 892
776 -4
275 263
40 836
-934 -467
367 956
-430 83
184 19
152 -691
-737 387
512 583
-434 555
-393 -598
10 -400
-769 -966
-357 231
-869 -145
-443 571
787 -4
773 -794
594 -887
-871 130
-204 -359
-852 785
-705 287
-419 -645
-132 -529
370 -744
-236 -125
-358 970
136 228
-941 228
-688 -256
-202 670
409 835
516 -861
-119 -766
-309 -374
-35 -305
-91 -470
672 -62
594 602
-534 -771
586 845
978 540
-511 730
995 -273
814 372
-278 -616
-346 155
-130 133
401 16
700 319
736 -510
193 81
203 -2
-780 525
-970 966
212 525
173 -254
73 -550
-29 -760
-360 270
-69 470
-337 406
214 -562
-190 -430
-552 714
412 843
-893 -493
-490 747
833 -945
216 -623
-664 -382
937 -489
-158 -910
492 38
-432 114
904 -166
-112 59
871 932
405 521
-289 -984
607 -851
560 -310
897 -555
-477 -647
-152 -723
-251 372
211 -570
-75 -574
669 236
52 -806
-17 884
-24 370
-393 964
-158 845
482 443
980 -39
-122 -612
537 -841
-620 -542
-179 762
-233 924
800 903
-40 934
-240 578
-359 619
-173 56
57 -144
-795 -574
615 -361
-133 -175
513 -623
-494 -28
-526 573
-715 84
970 295
353 -249
-286 908
-999 145
565 -311
111 -880
727 574
-623 -176
-71 174
-189 -415
426 -89
3 -181
458 -55
-425 -702
-75 807
-214 -819
849 -561
116 970
-583 -61
-83 500
506 -29
57 -497
416 16
-963 -440
586 -606
166 -696
751 25
-619 4
-633 155
-38 950
866 175
271 302
914 346
-793 735
798 -10
-210 604
-345 -135
24 432
-64 884
-194 -175
-566 790
-345 -991
886 446
-215 -757
-3 720
717 415
33 816
-332 524
-50 420
-665 -918
-947 65
497 908
-605 808
-371 -56
-131 735
384 -621
919 -949
66 360
-392 -533
613 -685
-187 365
-993 -528
309 535
220 550
611 554
998 684
-861 -767
335 -474
-926 720
124 541
913 -148
561 551
935 541
39 970
-633 42
398 -270
-592 269
-102 -920
-371 424
226 345
-950 611
-29 -757
-466 985
651 32
971 808
-5 -108
644 396
-792 40
999 540
427 -454
-80 868
907 -252
-576 123
150 -114
390 -43
-127 -180
-948 -570
398 926
256 416
612 -125
-499 123
-466 1000
221 -838
332 365
-363 114
-873 141
-290 -580
-859 141
200 727
206 716
200 716
-842 960
139 -180
-568 -885
869 138
-502 -921
-799 40
884 -264
-819 -750
892 653
890 -568
196 1000
-237 777
441 -934
11 913
-459 -926
776 49
-932 -498
354 -236
-107 678
332 -624
761 171
-123 -123
921 -467
-666 3
-743 -846
466 -292
795 -108
-569 737
-693 -290
197 -699
258 15
288 961
734 979
-551 214
790 -614
-578 374
737 -385
-339 -87
-276 -327
244 -596
-492 -870
-797 990
-594 -357
594 52
-31 570
359 -15
-177 -876
-818 -527
-836 -402
661 221
256 -861
183 783
32 836
-766 141
448 -186
-797 208
395 -317
596 -892
-462 926
-316 466
787 -453
-528 217
147 -702
121 385
-958 338
-829 722
-658 -536
-955 896
-152 750
369 -453
605 153
-533 -546
841 2
-431 836
-913 295
-755 -585
-164 -535
-354 123
82 510
727 -183
512 753
825 -84
-229 -446
105 315
-834 -939
747 -36
442 947
270 -182
849 972
162 9
928 -927
-631 -73
97 887
-635 -274
-742 253
-149 108
532 438
387 79
385 -774
-798 -45
-317 -370
48 -348
54 -265
351 -120
964 -632
-59 -204
-472 506
-321 978
68 366
-183 -380
-842 -496
839 -308
119 24
285 14
470 902
-424 -911
196 273
131 -332
910 801
-302 634
748 635
392 -588
204 992
-59 -823
-477 -871
-693 451
-416 356
611 193
870 -504
-891 -723
-218 675
-320 -545
-10 -121
945 -456
-621 335
-201 548
-251 -749
-846 -961
283 -842
936 142
963 -686
210 -739
865 778
-37 690
953 -443
48 -605
-942 -289
135 202
-879 -553
171 -159
-597 152
-249 449
-527 -566
569 870
640 821
-744 954
932 856
-435 -198
727 619
-824 36
-461 -996
-912 353
553 -228
-411 -571
845 824
-31 314
-954 549
243 -980
-776 666
733 887
-897 153
-482 -822
-465 -28
222 -243
690 -273
829 498
461 -673
-218 937
785 77
883 937
-785 982
-289 -776
801 -727
211 -855
-587 880
-839 199
-588 682
-676 977
-79 -319
461 348
-210 -697
537 -68
756 -933
-864 423
771 823
954 470
-329 891
734 977
634 30
-895 -202
569 -84
828 424
337 -522
578 -794
-900 943
915 -933
846 284
-77 -316
-30 824
863 -409
35 538
633 -296
561 -547
-37 -241
247 534
-542 240
-94 813
988 498
231 499
63 978
412 342
262 405
866 -709
463 -812
-943 -253
-321 218
238 -881
185 -222
-583 -466
542 -998
-826 645
905 484
988 -235
991 115
-266 894
734 684
349 -932
-768 -171
626 191
501 -620
148 -946
602 67
815 351
892 -601
-683 703
124 729
644 -382
862 -916
559 775
687 850
-589 758
178 -849
-823 633
911 -717
-454 272
345 -474
1000 -311
545 -848
-852 420
-41 -695
-616 542
994 -441
108 307
-587 -354
-364 -190
484 872
403 -427
122 745
-217 314
129 -406
712 619
744 596
-448 -132
-912 -713
-216 883
666 195
-510 -852
-732 -101
929 -245
-608 574
-822 -326
-366 303
394 -499
-132 -441
-692 762
470 -532
847 890
294 -558
726 -514
-351 851
426 -925
-74 316
868 -25
-956 -599
704 -234
-4 -599
251 -265
-10 461
-699 -179
421 265
-31 -681
-886 215
-243 690
-110 -439
-553 430
342 333
-212 -674
-854 256
674 740
-542 319
-606 -957
-45 432
179 -131
-930 325
-725 588
-973 249
-249 782
-97 -303
337 166
370 530
39 195
-737 511
189 155
199 -585
462 -248
699 -190
385 245
-159 -708
68 -410
-39 -919
204 791
-385 203
788 86
-230 -30
26 -391
784 -47
-206 666
293 537
788 -788
949 537
-364 682
-685 53
103 679
-356 -107
118 -975
-681 -147
389 -226
465 -125
298 260
209 -557
111 323
199 -115
868 -769
-496 -992
-806 953
-196 462
-707 746
149 -608
-240 -82
329 28
-835 -134
-212 -968
-44 515
178 631
38 -828
156 -355
183 176
-346 61
348 -364
300 758
290 -146
983 -844
-841 358
698 981
813 -299
-74 -898
-434 -402
-550 -292
-131 -427
642 -324
266 580
-940 -944
834 -424
-740 -647
-795 715
-478 -605
-699 -374
580 498
327 942
-571 -168
-995 236
615 -45
-989 692
723 41
682 -283
-142 796
-404 -582
449 -215
-333 -850
-742 666
983 118
-663 50
-498 -176
684 -78
-707 995
-213 133
487 -122
-519 -681
-417 611
765 359
481 -357
209 339
735 -635
186 -452
-720 20
304 395
977 -444
158 -827
991 137
778 787
-405 133
29 -461
-200 -891
-690 871
417 -314
173 549
483 503
88 973
-219 688
738 942
-455 918
-967 958
401 -486
583 -667
-503 -986
-9 137
344 -362
705 557
-649 -238
435 287
-6 999
-487 -786
473 -780
2 -782
901 -766
-639 -920
-628 -750
-838 -876
-807 -595
-52 -622
106 200
-898 -806
991 -746
10 -363
7 122
-389 209
778 485
-493 -805
161 -241
3 -308
285 -579
-144 -570
-77 653
-798 -675
732 -750
-90 -373
-510 553
-819 273
-622 735
970 -522
-324 718
229 771
-74 -524
354 -931
706 281
496 997
759 -661
-970 508
-729 -413
64 375
-494 -149
762 -954
67 -749
166 -709
135 -255
-335 373
289 7
690 -682
-256 -166
-771 -688
-115 586
-500 -844
-559 872
-788 724
105 691
376 657
-420 -58
-528 -152
64 -61
-400 886
708 -964
306 -490
6 581
-6 -449
333 -833
-318 809
501 -192
884 -415
-603 -136
887 -552
996 -802
835 587
-607 987
-735 -359
634 -456
-795 -11
108 -336
-241 698
130 303
-898 -461
-137 375
-728 -608
-334 135
823 677
-861 -288
741 -574
-260 124
310 -144
-259 -766
705 716
-948 778
-288 382
501 412
-342 242
-603 -914
976 -698
896 363
-609 863
48 382
-159 -617
267 -198
809 616
496 -799
-128 333
913 84
65 218
-592 256
916 -468
-543 170
-632 513
943 -325
-122 889
51 600
879 -192
400 -940
229 633
-202 -442
364 -584
-554 879
47 889
-450 957
-445 46
303 738
-400 828
223 493
-641 -773
-960 -619
7 840
137 251
486 -936
-647 384
-172 -746
49 -268
745 480
720 186
576 886
456 -848
203 382
-527 875
-436 -722
226 -360
-718 -110
-65 -950
62 -913
759 -92
-677 -931
-707 -448
-8 -855
-795 456
-942 -956
-782 -880
-468 -992
224 -191
252 -818
-834 -835
174 -223
673 950
465 -791
-118 367
-515 84
-456 879
-902 -917
187 971
-173 467
99 -400
-270 -976
314 -419
675 -402
940 -911
424 755
417 -361
986 -306
225 310
113 -844
-14 -24
-185 389
171 436
-332 -635
-855 -787
335 908
662 -715
405 106
158 39
386 -288
-503 551
664 -959
90 -823
653 713
-370 -672
52 789
-776 500
682 314
68 172
-145 -866
340 975
-568 -8
842 640
923 -84
743 -424
-344 517
308 951
162 -748
425 -283
755 -739
220 870
27 -80
-965 219
464 904
789 -619
649 -834
-488 566
-280 284
249 -780
386 -640
-945 71
-234 616
-811 -98
-687 -326
-798 755
321 -469
-823 706
86 408
49 -841
275 965
-238 -530
525 127
-140 444
-201 996
409 143
148 108
-419 148
319 -869
401 -704
65 599
-839 943
510 443
484 -514
225 -353
-955 -351
312 -656
888 533
-139 639
-976 -221
59 635
307 397
150 -554
786 778
124 -958
97 7
-841 -879
-191 -316
534 728
757 29
-948 103
-264 -657
-88 -778
265 -307
-44 355
-268 236
-69 -611
-616 321
679 -789
-150 -773
-142 222
993 -603
155 481
-518 97
-139 55
-641 828
205 -666
496 443
-114 -42
-404 -232
-505 164
-754 -436
-612 798
-262 966
533 -441
-645 -21
-75 462
759 -919
-498 885
924 964
-924 985
-644 620
884 978
636 140
263 -455
-552 366
-995 -508
350 336
-685 681
-635 439
564 127
223 -554
355 65
253 -888
532 514
926 -454
-834 -846
474 -707
594 464
265 -109
582 949
51 -55
-398 215
-418 132
854 -688
-56 855
181 658
490 255
-518 -153
579 864
905 -363
567 592
-574 326
-295 461
987 -650
-864 -39
18 -848
235 -762
842 493
-671 -907
-332 -204
-643 -6
-797 -616
178 -296
13 -404
-32 -437
-416 -52
-534 626
618 457
-40 175
925 -610
167 626
68 -431
-824 218
326 -544
-442 944
74 318
-480 -437
-484 927
854 971
599 141
-960 298
818 -152
-288 553
-955 -167
-917 947
420 -313
400 375
-664 -157
931 728
-727 880
710 -505
-292 184
501 471
79 924
190 -349
-867 94
455 -221
-14 -755
-950 64
963 327
-172 647
-924 -412
500 -773
408 -561
-979 -11
997 -269
-626 407
-143 -627
-263 14
-938 -890
-327 -949
771 -730
-546 -538
-872 -128
987 -949
-76 286
879 300
586 -908
-744 825
134 448
622 -253
608 82
-917 -50
963 524
-685 554
78 -518
-263 -204
206 206
-757 628
-58 -398
314 580
215 -278
-821 895
710 926
-197 436
809 908
982 267
681 692
-30 542
-527 574
634 -220
350 713
-769 793
887 -382
678 818
148 -382
933 -670
155 -504
-915 -407
746 -594
87 317
56 -475
-348 481
-987 197
-710 -435
-692 -579
-757 336
813 106
-629 493
570 884
333 -617
-21 -302
645 332
773 -64
-175 -248
-256 -964
303 -752
-236 -330
-746 -194
-276 348
-177 -59
308 -719
356 -932
477 395
589 312
89 176
590 870
-281 374
-920 278
-621 655
991 -206
417 -549
947 435
-620 197
-635 -32
-699 -974
-55 -90
-565 494
267 217
533 678
118 -558
887 628
-257 648
846 615
603 -57
-722 -381
-32 739
-372 -792
53 371
-872 -312
585 -702
-718 499
-159 -835
-959 -910
-324 -267
104 350
125 -520
589 29
350 -739
234 -973
-301 -183
-361 459
336 -129
-434 935
-434 -749
611 965
-737 748
-253 354
-844 95
-760 795
-232 483
432 534
319 831
-200 -435
416 909
-579 -940
-131 -8
542 -729
256 -868
361 -719
50 880
206 662
-900 777
591 315
575 436
-272 414
766 947
213 186
-44 727
-520 -672
-118 682
32 -47
-304 315
-844 -135
1000 709
401 724
231 -845
-687 -606
-451 -414
-683 575
-72 -468
-520 -15
685 -220
925 796
441 446
843 -999
14 -323
456 -646
-647 347
244 313
202 147
-684 737
733 -147
-647 -355
869 285
-548 336
-774 -73
613 -646
-536 608
-390 561
-135 786
-903 78
521 614
358 -707
533 719
-267 -293
42 -579
-917 -170
-617 -827
377 128
-214 -885
-57 -441
107 365
-412 -963
673 -759
250 -806
-408 -183
614 265
-715 -317
-153 803
892 -226
888 150
221 -63
-528 -271
-240 0
-69 510
-13 666
47 -585
-465 796
-550 -454
533 -23
-341 943
-356 -230
-580 -770
-435 188
340 -970
-667 15
698 -865
-724 -52
746 917
577 46
-582 -266
-920 -530
-491 378
881 -488
509 498
702 131
-614 281
-895 -911
-930 -69
-675 -840
713 863
-79 -105
-344 386
-6 -958
934 -354
-29 -681
35 603
781 -907
887 -453
-249 209
435 236
-762 359
942 -59
580 583
-644 -824
46 -206
-984 -117
73 -681
-514 327
-639 -339
-394 -996
-734 200
392 -67
945 -340
-617 113
42 -956
-870 -892
145 -694
-183 -835
601 -681
784 102
-436 -644
20 492
-314 601
171 116
-435 -406
575 -32
-576 240
95 -347
-708 -198
-295 -837
149 -764
96 159
-594 185
901 122
597 -291
840 -237
-353 282
-661 -60
-933 798
771 -276
435 -939
-106 134
-360 696
497 -464
551 53
-82 -808
-575 -821
731 746
205 -280
-442 811
563 302
164 -467
-800 -370
861 742
839 -576
-523 -150
691 -205
532 -977
-220 241
-328 863
813 356
-296 -612
-453 896
-458 594
867 -795
779 680
-391 265
-939 582
-106 398
-26 -435
-198 -488
260 845
-409 542
-335 861
-223 233
181 613
507 -529
-166 489
-957 712
754 296
916 -799
-110 874
-556 908
-39 265
-654 810
-833 443
881 -293
-156 -546
-912 246
489 522
-781 -396
-499 -224
-999 -421
-875 -162
-339 -874
299 216
436 -852
-403 -305
358 464
-407 -360
-193 318
-411 70
-753 -499
-321 -783
-757 -453
510 -958
752 -498
-557 405
128 546
-158 -721
624 8
-769 335
954 -305
758 476
37 -945
-781 211
-66 -265
75 -841
790 812
-866 -102
102 891
-415 -613
458 491
72 -971
575 267
414 -864
-476 -1000
-973 709
977 999
334 942
-929 204
-978 -133
-640 548
-881 -778
-140 -387
-73 -152
-587 339
649 808
-168 -60
-687 929
-863 564
-387 662
841 82
318 -139
320 -640
991 -511
-220 -399
164 -762
-133 -977
558 307
685 524
-58 956
219 688
916 -807
344 817
-238 -156
-275 -854
-772 -538
-608 -694
849 396
-793 -444
493 -629
-580 -337
510 -445
-385 -6
78 411
331 589
119 -43
-319 -775
-472 -224
-243 731
454 -682
41 12
972 817
-855 412
398 204
-617 348
237 849
-106 326
356 -739
-784 -476
-328 911
914 536
992 168
55 -110
-468 282
-101 -89
-529 796
255 277
-430 651
-237 -318
-784 364
-767 -479
-268 -197
-230 -754
98 807
708 805
-9 -450
-422 -158
-242 -466
-358 509
-443 849
-918 -152
537 516
818 -639
814 774
888 -808
-261 748
-970 -996
757 779
133 -820
680 -498
-582 581
-222 42
-87 -675
-974 -968
465 -429
467 820
-219 -998
125 -143
995 171
315 535
731 741
593 -327
915 -643
-762 -522
-939 607
-426 624
844 306
463 405
-278 -995
-16 -599
-259 -866
-860 23
176 -394
-485 -860
-295 -426
-205 116
-462 774
-142 -921
-212 972
-397 -529
696 677
156 -139
-783 663
-962 867
-573 658
733 -648
123 -827
897 -373
-992 -832
-315 -29
-369 -437
-484 -756
619 33
-814 170
-572 -969
-293 170
-752 414
-250 766
982 -132
-909 468
91 881
263 683
-26 764
-461 309
690 -173
140 -783
694 661
-865 198
286 -127
552 -402
-119 -655
-705 -239
-539 782
-656 794
927 101
-981 441
753 792
379 -325
849 -699
-556 745
-573 629
477 -103
153 114
-339 96
-249 887
-419 253
-562 241
613 584
-542 -896
925 515
-658 -625
-2 601
636 718
756 -605
293 598
96 746
-874 -658
173 -42
70 717
801 -521
-512 -122
-722 -843
640 -818
828 567
-73 997
678 260
374 -473
-914 -502
23 525
841 960
867 854
39 969
-278 -301
779 463
-229 814
-954 -216
-226 -57
836 594
330 -190
-966 -185
680 -547
-14 -999
-528 -326
-822 -396
944 -589
378 753
337 -6
-203 -509
204 -83
-421 985
-532 -724
153 -523
22 -201
7 957
380 -880
-869 -649
669 869
174 -13
-163 580
-580 22
770 -573
131 -45
601 112
-582 101
325 62
433 88
-245 487
326 78
637 -515
-529 -399
-643 576
-629 453
-846 -770
-165 -206
-775 131
508 -462
-769 -411
429 -290
-726 777
935 -657
487 337
-432 500
-839 -511
-456 375
-496 734
-973 -211
134 -781
30 997
-64 -699
-137 509
566 257
965 488
548 725
793 733
-52 190
394 531
123 38
-295 -535
875 415
-291 484
221 611
-157 -962
677 -589
-933 263
-852 166
386 -137
150 -362
894 -931
858 -692
822 923
354 -271
507 575
-383 -505
341 764
836 520
-29 751
645 441
-687 540
-42 580
735 -999
270 612
-408 189
784 -605
276 -935
274 -858
-399 395
341 427
-427 -448
769 831
-687 -295
33 -133
-953 344
322 -853
211 913
143 -99
-518 -507
756 -948
-438 -202
-846 437
-947 -602
524 654
-215 508
942 -939
-520 -675
-472 -251
-590 -335
277 575
489 -693
53 -991
391 -141
-71 218
-421 -695
749 996
238 -881
905 130
-399 -482
680 387
-417 -845
448 888
638 -759
861 -407
-582 -15
-152 513
836 -571
123 -89
-80 859
-431 684
675 193
-97 -250
-911 -133
283 804
608 346
-308 -62
-60 -72
592 -274
-177 -940
354 51
-866 38
-618 -383
759 -896
620 809
815 -438
-682 -737
-622 -566
215 -627
-767 -596
-751 -995
-488 591
-797 497
-658 623
301 754
-879 783
485 -943
482 -290
-929 609
-346 -412
-316 353
277 -20
-493 902
-711 -517
-553 331
-463 954
-579 919
576 332
-911 112
343 -551
873 -444
749 -936
385 -927
250 -533
-22 -210
629 811
-430 470
878 171
398 572
662 972
-120 -320
559 84
-884 321
-399 330
159 -926
-184 866
662 538
-598 -554
741 -719
264 -302
-221 -759
145 928
-300 229
-759 -464
-126 -791
-127 734
840 -539
283 21
-864 319
-830 -561
207 -516
-423 275
-394 -310
892 245
121 438
144 525
-118 395
343 -647
892 813
232 726
901 595
788 -533
-672 923
-360 597
516 -830
130 -544
187 -496
564 509
-877 10
486 -952
-994 910
-732 -282
959 -833
579 -764
158 -338
-861 881
-646 -475
-341 -671
303 649
726 -802
-825 -823
700 -385
334 -248
-730 -327
61 185
367 794
-53 -242
-838 -972
-684 261
-98 -583
-682 493
-634 782
158 730
971 -883
201 186
-522 -345
739 404
991 -661
624 -857
-859 228
-672 29
436 80
913 600
-231 -590
-823 387
-137 -744
-9 -992
-861 -389
256 670
-648 -276
-949 -71
-611 614
-559 156
231 59
-122 764
893 -604
-707 369
856 260
76 138
480 -467
-110 752
409 -603
30 459
-100 -766
-109 124
-127 -690
-362 110
-10 255
-294 765
536 108
-476 -554
-100 71
-110 -950
999 -681
-420 -556
-861 -171
538 -586
22 502
667 592
-633 -87
172 -421
-624 527
17 -215
881 -828
129 856
435 -187
-173 437
284 -42
-903 571
650 470
701 -745
59 -459
123 -447
-777 -836
872 -594
-603 527
-154 556
-417 -876
-945 -380
498 288
-326 -377
-58 -141
516 -343
-427 -258
740 -459
-628 -452
149 -983
-625 447
510 -772
-422 -112
930 -106
544 -32
-378 38
-222 114
-101 -270
616 272
-243 689
555 -974
835 675
644 688
277 381
217 825
-136 -621
76 13
488 -444
723 977
435 -372
-564 530
-851 -357
30 -68
793 -399
-135 -809
228 -100
51 -947
253 627
417 -896
182 559
456 -652
445 -127
-626 -863
-246 -341
-786 -755
-823 -939
-976 644
-734 972
463 502
656 -591
-585 -621
245 387
-400 63
72 134
-26 494
-37 548
-833 453
-26 -789
-413 530
355 997
203 115
-453 -377
78 81
942 -210
-258 921
145 746
462 -502
154 -774
-172 -689
532 -206
579 188
984 -721
-305 672
-772 924
-605 -434
361 -214
452 551
-427 -53
-749 375
-800 775
-438 343
-901 -132
-475 -723
268 704
-638 -948
-821 682
-409 -339
789 139
-142 992
-92 -470
400 -665
444 159
304 -564
-156 -811
88 -334
-307 -597
460 904
537 667
902 -510
57 267
-859 -318
787 267
322 -158
-561 911
748 988
691 210
-881 954
671 -990
743 -585
-306 275
-771 -435
-280 -977
230 -790
49 -193
-578 -838
709 266
219 826
-373 809
-918 167
874 544
416 -226
192 750
-584 -263
-437 719
246 344
-452 -454
512 234
655 221
557 -899
427 779
-466 -289
250 452
970 -288
-457 -55
-996 -257
-200 -250
738 424
-647 476
319 525
-70 -317
-695 610
-527 645
-424 -48
961 -638
239 -288
872 -515
-181 -829
-114 -305
530 637
68 799
130 -445
609 301
748 636
573 361
-221 -407
369 879
-363 -552
102 210
620 -240
700 -798
377 -36
610 -227
-884 376
110 -471
-310 -990
205 206
128 414
985 609
887 533
311 41
104 782
219 779
314 -27
759 668
888 317
202 -297
68 -316
332 -115
-248 276
-233 516
177 986
584 -514
94 -48
321 573
-519 487
101 -67
-856 -760
-950 -547
597 120
922 -117
13 197
255 660
-913 -133
640 442
158 648
-598 -561
-290 206
-537 -435
-119 -167
701 19
-38 -570
207 97
971 614
479 7
400 226
773 -88
-945 466
897 -19
-944 426
-494 529
-568 721
-184 35
-835 888
-332 251
-998 -381
-186 62
16 409
520 -344
-646 983
-771 850
-335 -372
-609 -694
517 -165
438 732
-12 -337
989 337
392 -753
-650 -906
337 -336
-34 447
-254 368
82 -86
-114 672
-843 516
-721 -467
-144 639
-52 671
315 -669
446 665
-543 180
36 -768
-928 394
279 -71
-101 719
489 -325
86 606
866 266
286 -844
166 -922
-431 -301
-251 -407
228 293
-659 315
-356 -994
872 582
-604 346
748 142
103 862
787 339
242 -602
10 -497
-238 -690
740 -545
-187 530
-730 191
-597 553
-508 21
903 944
-529 551
421 -110
949 912
-356 -611
448 -45
865 321
98 703
405 670
553 -473
717 -761
425 -634
375 310
249 -248
-258 311
935 -215
651 -984
-897 -707
7 728
-172 -654
-638 -270
-800 602
-825 633
-827 -570
884 386
633 616
970 771
-620 -322
-844 -5
-984 -87
-860 -951
194 -507
362 596
971 -199
543 -506
632 192
-709 449
-757 -794
-530 975
-707 958
236 -653
927 -11
-350 -423
-785 697
-110 -810
-3 -409
-132 -225
282 -675
161 107
-672 -44
-343 595
100 -801
395 -510
541 447
-224 -275
-217 -804
-758 -450
111 997
683 -314
567 319
447 -125
-577 33
49 479
-30 527
638 738
-481 -916
17 -269
-163 -735
292 932
281 195
-752 482
-854 -821
490 -82
-861 306
295 100
-733 -616
-24 711
284 -202
-518 -279
-796 -661
-37 -48
993 -728
-597 103
-646 985
-782 441
-340 -865
452 32
320 729
-902 -139
340 490
738 -200
175 -401
-913 771
-910 845
-194 -806
-652 830
-639 -663
-941 -174
373 822
507 -685
391 108
-940 317
375 -609
137 -908
-809 -675
103 127
-253 -440
-400 773
-499 967
-74 550
-926 231
-744 -824
147 -187
-502 684
-823 -949
803 481
554 -76
-82 478
185 -638
84 404
479 616
72 -660
301 -621
-711 -355
-874 662
-483 119
-939 600
683 -969
963 257
597 600
65 941
-863 376
25 -102
966 -661
-958 760
-835 570
-558 -703
-78 99
254 797
906 -514
-154 -995
-840 187
686 407
27 -450
-361 -779
-611 350
646 762
-584 -544
-817 847
823 449
-347 693
-455 526
476 -409
941 -550
-440 -493
142 -386
749 223
-846 175
353 325
-656 68
-635 -458
341 -240
504 -465
-388 -208
161 993
-586 -651
-48 -205
341 117
301 462
-470 -387
852 -182
-67 894
205 -220
859 -292
-548 57
-454 -718
712 753
512 -617
149 979
-823 -908
-869 -12
14 -468
-832 354
673 441
749 -483
-686 -848
427 378
-547 459
-391 -133
46 -325
20 393
-148 -792
230 356
697 -739
426 918
-91 406
-429 -991
548 875
-45 -343
-526 -686
-809 -261
-623 -955
-490 -557
-423 770
82 282
-722 -198
-365 908
-192 751
-379 86
-382 -605
-543 655
-874 -112
926 -805
269 -312
975 388
64 -88
864 -154
-210 785
-928 -281
-438 -935
-571 317
-871 734
-312 -25
387 91
-339 181
-396 -538
805 -536
-163 -85
-597 -95
450 -545
-664 -801
-336 -189
-93 711
-347 895
745 -759
-466 -146
358 449
996 -790
556 -545
168 -451
796 -451
275 -982
823 -226
-312 870
-66 870
855 -32
-961 -473
-579 -487
-805 -744
155 332
97 -254
182 967
70 50
-877 -235
82 438
-536 9
-459 -339
-718 954
470 299
365 -894
879 -128
613 -757
-157 180
603 -948
368 -353
517 -629
-883 352
-945 464
212 367
-594 79
-997 115
72 -830
693 -806
-802 -191
46 499
-856 -555
-815 346
382 -932
277 -594
399 256
385 101
904 -205
-949 -979
796 641
231 -945
868 -828
444 -892
-886 -102
545 256
312 -773
864 -694
-995 747
165 -67
360 952
155 -582
-772 -342
214 -493
968 -583
-667 -837
533 -383
606 -540
933 697
906 -252
-77 -495
401 -82
649 317
-925 -932
45 905
349 198
-251 134
382 -566
-833 -734
-833 -164
754 -173
492 -319
857 -208
5 -446
-102 -959
565 -770
-525 -39
834 489
455 959
-212 122
-60 -634
926 -9
592 -355
30 -748
281 -707
-830 705
83 -331
-585 494
433 -671
865 81
-94 -649
47 -54
889 252
-857 -410
-354 193
-747 655
781 275
-976 978
-634 143
56 -312
919 374
216 -486
-490 -701
306 -372
292 802
-661 -305
-511 732
927 260
117 -494
308 -316
-443 975
-486 640
634 839
-983 466
-432 234
-110 -544
896 -2
-421 -358
-36 -200
-977 -100
506 476
-263 418
-754 240
-249 -422
-620 627
-273 -673
287 449
-743 -719
-658 -282
529 12
-50 48
775 -843
-908 -483
-2 71
-261 490
-959 579
600 -517
79 -431
585 -218
959 3
669 -143
376 -253
-992 933
587 -123
577 -723
318 717
55 863
764 113
-280 -737
145 158
-627 -503
-404 -839
-86 211
-325 -837
232 695
-822 -208
659 319
-638 308
199 -636
-20 529
669 -266
126 271
334 -956
-268 -203
-361 180
975 336
996 455
175 353
52 -678
-822 -474
-823 -568
-277 405
771 -589
264 811
-892 579
178 -370
280 522
736 702
196 517
60 31
431 -799
-886 857
-398 -299
-148 958
-896 -55
124 900
535 565
-966 700
-180 -930
682 373
497 -754
-676 -205
-675 87
81 -286
203 725
62 347
319 900
201 215
486 -458
-414 243
-376 444
-128 344
627 -852
67 889
557 216
385 475
528 -786
397 176
532 -824
925 -636
-397 -400
-197 798
-413 640
-980 -648
-49 842
569 82
273 916
77 818
-919 753
788 806
-689 164
-628 -364
-377 -380
725 -343
-622 512
-233 -943
-812 662
32 -729
462 -237
524 699
-443 717
216 531
-722 -189
75 85
-480 -634
-91 655
-731 -820
-264 -614
-605 98
791 -901
-563 550
-269 -791
-912 525
744 -210
717 -220
934 -677
-892 -986
375 -937
-169 -90
311 -890
164 -445
556 -62
-426 -811
-850 910
-5 623
294 -225
45 646
26 -499
56 -936
-168 -658
858 773
304 -378
341 431
-827 743
-414 -470
-230 203
991 -995
592 -669
-167 -538
-531 575
488 -24
566 402
908 883
-583 831
-64 402
-6 298
274 238
30 -421
-468 -599
-817 379
-153 -186
-622 865
226 -485
346 -858
-906 909
-732 -652
-685 612
-428 864
-740 -936
519 -668
-494 257
590 -794
-838 989
-229 -347
36 814
-752 -119
85 864
-569 -412
-581 453
971 730
573 794
272 -576
-201 -756
265 527
-246 676
-220 -153
175 503
88 523
569 -915
-280 -852
322 447
428 172
616 156
-445 240
477 -587
103 925
88 352
908 204
-387 207
-456 707
-162 -639
-864 -633
-848 206
-650 -395
431 -928
970 691
-866 859
-553 -578
-97 -132
844 -528
902 -737
213 327
293 455
766 -62
983 -103
424 -563
652 577
446 911
-639 979
-994 -948
-889 -83
308 -608
421 -741
-480 -31
-290 245
924 -777
-347 182
-78 -681
-214 863
-568 -34
792 651
-761 25
-598 66
-95 -907
151 524
507 525
164 -52
78 311
-496 -105
312 -779
-762 -510
230 -688
-117 461
649 -662
871 602
839 878
-197 65
471 -990
-61 84
-368 -905
464 -323
910 237
549 -800
703 -864
-914 768
-141 757
-615 -663
985 826
886 654
-745 -232
-767 694
48 56
-335 260
-894 622
368 -747
389 -245
270 -376
698 -670
897 -994
49 309
-380 -257
-678 -326
85 -301
-421 -243
6 327
271 -914
622 -423
278 780
-52 434
218 -90
-3 -360
-919 420
-716 -640
244 835
42 275
19 629
-445 -92
449 -311
903 253
913 -402
-771 837
-557 867
704 -132
-231 47
-283 493
560 -571
-593 -23
265 -433
-168 124
836 -582
213 -76
